{
  "calligraphers": [
    "智永",
    "柳公權",
    "歐陽詢",
    "沈尹默",
    "虞世南",
    "趙孟頫",
    "顏真卿"
  ],
  "matrix": [
    [
      1.0,
      0.2794,
      0.2063,
      0.8052,
      0.1834,
      0.8012,
      0.4812
    ],
    [
      0.2794,
      1.0,
      0.5141,
      0.5428,
      0.5817,
      0.2438,
      0.4113
    ],
    [
      0.2063,
      0.5141,
      1.0,
      0.0131,
      0.9538,
      0.3049,
      0.197
    ],
    [
      0.8052,
      0.5428,
      0.0131,
      1.0,
      0.0829,
      0.6425,
      0.7172
    ],
    [
      0.1834,
      0.5817,
      0.9538,
      0.0829,
      1.0,
      0.1394,
      0.1607
    ],
    [
      0.8012,
      0.2438,
      0.3049,
      0.6425,
      0.1394,
      1.0,
      0.7084
    ],
    [
      0.4812,
      0.4113,
      0.197,
      0.7172,
      0.1607,
      0.7084,
      1.0
    ]
  ]
}