{
  "calligraphers": [
    "智永",
    "柳公權",
    "歐陽詢",
    "沈尹默",
    "虞世南",
    "趙孟頫",
    "顏真卿"
  ],
  "matrix": [
    [
      1.0,
      0.0708,
      0.169,
      0.519,
      0.3162,
      0.8316,
      0.554
    ],
    [
      0.0708,
      1.0,
      0.6772,
      0.6281,
      0.5156,
      0.2099,
      0.6133
    ],
    [
      0.169,
      0.6772,
      1.0,
      0.1139,
      0.9418,
      0.1508,
      0.0961
    ],
    [
      0.519,
      0.6281,
      0.1139,
      1.0,
      0.075,
      0.6687,
      0.9892
    ],
    [
      0.3162,
      0.5156,
      0.9418,
      0.075,
      1.0,
      0.1342,
      0.0353
    ],
    [
      0.8316,
      0.2099,
      0.1508,
      0.6687,
      0.1342,
      1.0,
      0.7299
    ],
    [
      0.554,
      0.6133,
      0.0961,
      0.9892,
      0.0353,
      0.7299,
      1.0
    ]
  ]
}