{
  "calligraphers": [
    "智永",
    "歐陽詢",
    "沈尹默",
    "虞世南",
    "趙孟頫",
    "顏真卿"
  ],
  "matrix": [
    [
      1.0,
      0.5249,
      0.3618,
      0.4153,
      0.6371,
      0.5938
    ],
    [
      0.5249,
      1.0,
      0.0176,
      0.8995,
      0.1567,
      0.2695
    ],
    [
      0.3618,
      0.0176,
      1.0,
      0.1085,
      0.8127,
      0.7338
    ],
    [
      0.4153,
      0.8995,
      0.1085,
      1.0,
      0.1023,
      0.0747
    ],
    [
      0.6371,
      0.1567,
      0.8127,
      0.1023,
      1.0,
      0.7207
    ],
    [
      0.5938,
      0.2695,
      0.7338,
      0.0747,
      0.7207,
      1.0
    ]
  ]
}